2 
16 
0 4 5 3 10 8 6 7 2 6 7 8 2 3 5 6 
3 0 9 5 2 7 3 4 5 5 7 9 6 4 8 9 
9 6 0 8 5 4 3 6 8 5 8 4 7 6 7 8 
5 2 4 0 7 8 4 9 1 3 9 6 8 7 8 9 
3 5 3 5 0 9 2 4 6 7 1 3 1 8 9 1 
8 4 9 7 9 0 2 7 3 2 4 4 5 1 2 3 
1 5 3 6 9 2 0 2 7 6 1 5 7 3 4 5 
1 5 3 6 9 2 2 0 7 9 3 7 6 5 6 7 
8 4 9 7 9 2 7 3 0 7 2 2 4 6 7 8 
8 4 9 7 9 2 7 3 7 0 2 1 3 4 2 3 
5 2 4 7 8 4 9 1 3 9 0 6 2 5 1 2 
3 5 3 5 9 2 4 6 7 1 3 0 8 2 6 7 
1 5 3 6 9 2 2 7 9 3 7 6 0 7 8 9 
9 6 8 5 4 3 6 8 5 8 4 7 6 0 7 8 
3 9 5 2 7 3 4 5 5 7 9 6 4 8 0 1 
9 6 8 5 4 3 6 8 5 8 4 7 6 7 8 0
